0.00335856725
